--- 
+++ 
@@ -310,7 +310,7 @@
         "dir": os.path.join(OUTDIR, "pages_c05"),
         "pages": {
             "c5p1": [1, 2, 3], "c5p2": [4, 5, 6], "c5p3": [7, 8, 9], "c5p4": [10, 11, 12], "c5p5": [13, 14, 15], "c5p6": [16, 17, 18], "c5p7": [19, 20, 21],
-            "c5p8": [22, 23, 24], "c5p9": [25, 26, 27], "c5p10": [28, 29, 30], "c5p11": [31, 32, 33], "c5p12": [34, 35, 36], "c5p13": [37, 38, 39], "c5p14": [40, 41, 42], "c5p15": [43, 44, 45], "c5p16": [46, 47, 48], "c5p17": [49, 50, 51], "c5p18": [52, 53, 54], "c5p19": [55, 56, 57], "c5p20": [58, 59, 60], "c5p21": [61, 62, 63], "c5p22": [64, 65, 66], "c5p23": [67, 68, 69], "c5p24": [70, 71, 72], "c5p25": [73, 74, 75], "c5p26": [76, 77, 78], "c5p27": [79, 80, 81], "c5p28": [82, 83, 84], "c5p29": [85, 86, 87], "c5p30": [88, 89, 90], "c5p31": [91, 92, 93], "c5p32": [94, 95, 96], "c5p33": [97, 98, 99], "c5p34": [100, 101, 102], "c5p35": [103, 104, 105], "c5p36": [106, 107, 108], "c5p37": [109, 110, 111], "c5p38": [112, 113, 114], "c5p39": [115, 116, 117], "c5p40": [118, 119, 120], "c5p41": [121, 122, 123], "c5p42": [124, 125, 126], "c5p43": [127, 128, 129], "c5p44": [130, 131, 132], "c5p45": [133, 134, 135], "c5p46": [136, 137, 138], "c5p47": [139, 140, 141], "c5p48": [142, 143, 144], "c5p49": [145, 146, 147], "c5p50": [148, 149, 150], "c5p51": [151, 152, 153], "c5p52": [154, 155, 156], "c5p53": [157, 158, 159], "c5p54": [160, 161, 162], "c5p55": [163, 164, 165], "c5p56": [166, 167, 168], "c5p57": [169, 170, 171], "c5p58": [172, 173, 174], "c5p59": [175, 176, 177], "c5p60": [178, 179, 180], "c5p61": [181, 182, 183], "c5p62": [184, 185, 186], "c5p63": [187, 188, 189], "c5p64": [190, 191, 192], "c5p65": [193, 194, 195], "c5p66": [196, 197, 198], "c5p67": [199, 200, 201], "c5p68": [202, 203, 204], "c5p69": [205, 206, 207], "c5p70": [208, 209, 210], "c5p71": [211, 212, 213], "c5p72": [214, 215, 216], "c5p73": [217, 218, 219], "c5p74": [220, 221, 222], "c5p75": [223, 224, 225],
+            "c5p8": [22, 23, 24], "c5p9": [25, 26, 27], "c5p10": [28, 29, 30], "c5p11": [31, 32, 33], "c5p12": [34, 35, 36], "c5p13": [37, 38, 39], "c5p14": [40, 41, 42], "c5p15": [43, 44, 45], "c5p16": [46, 47, 48], "c5p17": [49, 50, 51], "c5p18": [52, 53, 54], "c5p19": [55, 56, 57], "c5p20": [58, 59, 60], "c5p21": [61, 62, 63], "c5p22": [64, 65, 66], "c5p23": [67, 68, 69], "c5p24": [70, 71, 72], "c5p25": [73, 74, 75], "c5p26": [76, 77, 78], "c5p27": [79, 80, 81], "c5p28": [82, 83, 84], "c5p29": [85, 86, 87], "c5p30": [88, 89, 90], "c5p31": [91, 92, 93], "c5p32": [94, 95, 96], "c5p33": [97, 98, 99], "c5p34": [100, 101, 102], "c5p35": [103, 104, 105], "c5p36": [106, 107, 108], "c5p37": [109, 110, 111], "c5p38": [112, 113, 114], "c5p39": [115, 116, 117], "c5p40": [118, 119, 120], "c5p41": [121, 122, 123], "c5p42": [124, 125, 126], "c5p43": [127, 128, 129], "c5p44": [130, 131, 132], "c5p45": [133, 134, 135], "c5p46": [136, 137, 138], "c5p47": [139, 140, 141], "c5p48": [142, 143, 144], "c5p49": [145, 146, 147], "c5p50": [148, 149, 150], "c5p51": [151, 152, 153], "c5p52": [154, 155, 156], "c5p53": [157, 158, 159], "c5p54": [160, 161, 162], "c5p55": [163, 164, 165], "c5p56": [166, 167, 168], "c5p57": [169, 170, 171], "c5p58": [172, 173, 174], "c5p59": [175, 176, 177], "c5p60": [178, 179, 180], "c5p61": [181, 182, 183], "c5p62": [184, 185, 186], "c5p63": [187, 188, 189], "c5p64": [190, 191, 192], "c5p65": [193, 194, 195], "c5p66": [196, 197, 198], "c5p67": [199, 200, 201], "c5p68": [202, 203, 204], "c5p69": [205, 206, 207], "c5p70": [208, 209, 210], "c5p71": [211, 212, 213], "c5p72": [214, 215, 216], "c5p73": [217, 218, 219], "c5p74": [220, 221, 222], "c5p75": [223, 224, 225], "c5p76": [226, 227, 228],
         },
     },
 }
